<<<<<<< HEAD
[Performance 0]

sr = 44100
ksmps = 32
nchnls = 2
0dbfs = 1.0

instr 1
iatt = p7
idec = p8
islev = p9
irel = p10
kenv xadsr iatt, idec, islev, irel
iamp = p4
ift = p5
kend = nsamp(ift) / sr
ipos = (nsamp(ift) / sr - p3) * p6
asig0, asig1 flooper2 kenv * iamp, 1.0, 0.0, kend, 0.0, ift, ipos
outs asig0, asig1
endin


f 1 0 0 1 "C:/Users/Griffin/Documents/GitHub/composition-tools/GenRhythms/samples/tools/340562__mickyman5000__metallic-twanging.wav" 0.0 0 0
f 2 0 0 1 "C:/Users/Griffin/Documents/GitHub/composition-tools/GenRhythms/samples/tools/340498__mickyman5000__steel-drum-bangs.wav" 0.0 0 0
f 3 0 0 1 "C:/Users/Griffin/Documents/GitHub/composition-tools/GenRhythms/samples/tools/340569__mickyman5000__hollow-thuds-many-2.wav" 0.0 0 0
f 4 0 0 1 "C:/Users/Griffin/Documents/GitHub/composition-tools/GenRhythms/samples/tools/340512__mickyman5000__steel-disk-scraping-concrete-fast-1.wav" 0.0 0 0
f 5 0 0 1 "C:/Users/Griffin/Documents/GitHub/composition-tools/GenRhythms/samples/tools/340536__mickyman5000__metallic-hits-various.wav" 0.0 0 0
i 1 2.75 0.1813854 100.0 1 0.36086395 0.045990717 0.0235613 0.725293 0.07489035
i 1 3.25 0.24072108 100.0 1 0.5760239 0.048391305 0.07426204 0.7291867 0.077233724
i 1 0.875 0.20167619 100.0 1 0.4417829 0.044200443 0.049519263 0.7633948 0.076590955
i 1 3.5 0.23123038 100.0 1 0.46852833 0.046053868 0.056022577 0.79786915 0.07573408
i 1 3.0 0.19664761 100.0 1 0.6083032 0.04870849 0.027610652 0.82424664 0.07734985
i 1 3.125 0.21750474 100.0 1 0.38436595 0.048063636 0.027215425 0.73512834 0.074440464
i 1 1.625 0.26836038 100.0 1 0.42334828 0.046905007 0.075643495 0.810423 0.07649
i 1 0.0 0.21822539 100.0 1 0.46664292 0.04485974 0.06637706 0.7684494 0.077578574
i 1 1.75 0.18612325 100.0 2 0.6067433 0.02163679 0.0146771185 0.5735174 0.071220666
i 1 0.625 0.17864501 100.0 2 0.83213663 0.010895844 0.009712804 0.5903746 0.07025404
i 1 1.0 0.17752434 100.0 2 0.6691815 0.010079903 0.015154097 0.6452756 0.07210612
i 1 0.875 0.17797264 100.0 2 0.49288532 0.011064463 0.022384496 0.56808174 0.07088192
i 1 0.5 0.17739113 100.0 2 0.54284704 0.014517632 0.02256757 0.5689436 0.055726003
i 1 3.875 0.1838712 100.0 2 0.50548744 0.010400786 0.009393308 0.5322484 0.077735245
i 1 3.25 0.19491817 100.0 3 0.4845123 0.057742007 0.031502105 0.50336254 0.053188402
i 1 3.0 0.23283476 100.0 3 0.48266426 0.05742 0.031461477 0.4424812 0.09214822
i 1 0.5 0.15527172 100.0 3 0.5106985 0.059074223 0.03438577 0.48976314 0.0093823625
i 1 3.625 0.21631786 100.0 3 0.5290416 0.06070575 0.032020975 0.47444546 0.06613987
i 1 0.75 0.1581712 100.0 4 0.06609517 0.056603003 0.009676786 0.52920103 0.05780442
i 1 1.375 0.16421247 100.0 4 0.08243857 0.0522444 0.010239336 0.38293913 0.06727966
i 1 1.0 0.2198065 100.0 5 0.5678146 0.05155657 0.047624573 0.72605145 0.046744093
i 1 3.0 0.21632591 100.0 5 0.49745363 0.055394232 0.04483054 0.38020775 0.04792592
i 1 0.875 0.22125724 100.0 5 0.30692 0.05069964 0.044772245 0.6529479 0.050639138
i 1 0.5 0.23798114 100.0 5 0.8194383 0.044867408 0.047289904 0.5420242 0.07549525
i 1 3.125 0.20982984 100.0 5 0.7350849 0.053503145 0.04608028 0.49277708 0.045430847
e

[Performance 1]

sr = 44100
ksmps = 32
nchnls = 2
0dbfs = 1.0

instr 1
iatt = p7
idec = p8
islev = p9
irel = p10
kenv xadsr iatt, idec, islev, irel
iamp = p4
ift = p5
kend = nsamp(ift) / sr
ipos = (nsamp(ift) / sr - p3) * p6
asig0, asig1 flooper2 kenv * iamp, 1.0, 0.0, kend, 0.0, ift, ipos
outs asig0, asig1
endin


f 1 0 0 1 "C:/Users/Griffin/Documents/GitHub/composition-tools/GenRhythms/samples/tools/340562__mickyman5000__metallic-twanging.wav" 0.0 0 0
f 2 0 0 1 "C:/Users/Griffin/Documents/GitHub/composition-tools/GenRhythms/samples/tools/340498__mickyman5000__steel-drum-bangs.wav" 0.0 0 0
f 3 0 0 1 "C:/Users/Griffin/Documents/GitHub/composition-tools/GenRhythms/samples/tools/340569__mickyman5000__hollow-thuds-many-2.wav" 0.0 0 0
f 4 0 0 1 "C:/Users/Griffin/Documents/GitHub/composition-tools/GenRhythms/samples/tools/340512__mickyman5000__steel-disk-scraping-concrete-fast-1.wav" 0.0 0 0
f 5 0 0 1 "C:/Users/Griffin/Documents/GitHub/composition-tools/GenRhythms/samples/tools/340536__mickyman5000__metallic-hits-various.wav" 0.0 0 0
i 1 2.75 0.1813854 100.0 1 0.36086395 0.045990717 0.0235613 0.725293 0.07489035
i 1 3.25 0.24072108 100.0 1 0.5760239 0.048391305 0.07426204 0.7291867 0.077233724
i 1 0.875 0.20167619 100.0 1 0.4417829 0.044200443 0.049519263 0.7633948 0.076590955
i 1 3.5 0.23123038 100.0 1 0.46852833 0.046053868 0.056022577 0.79786915 0.07573408
i 1 3.0 0.19664761 100.0 1 0.6083032 0.04870849 0.027610652 0.82424664 0.07734985
i 1 3.125 0.21750474 100.0 1 0.38436595 0.048063636 0.027215425 0.73512834 0.074440464
i 1 1.625 0.26836038 100.0 1 0.42334828 0.046905007 0.075643495 0.810423 0.07649
i 1 0.0 0.21822539 100.0 1 0.46664292 0.04485974 0.06637706 0.7684494 0.077578574
i 1 1.75 0.18612325 100.0 2 0.6067433 0.02163679 0.0146771185 0.5735174 0.071220666
i 1 0.625 0.17864501 100.0 2 0.83213663 0.010895844 0.009712804 0.5903746 0.07025404
i 1 1.0 0.17752434 100.0 2 0.6691815 0.010079903 0.015154097 0.6452756 0.07210612
i 1 0.875 0.17797264 100.0 2 0.49288532 0.011064463 0.022384496 0.56808174 0.07088192
i 1 0.5 0.17739113 100.0 2 0.54284704 0.014517632 0.02256757 0.5689436 0.055726003
i 1 3.875 0.1838712 100.0 2 0.50548744 0.010400786 0.009393308 0.5322484 0.077735245
i 1 3.25 0.19491817 100.0 3 0.4845123 0.057742007 0.031502105 0.50336254 0.053188402
i 1 3.0 0.23283476 100.0 3 0.48266426 0.05742 0.031461477 0.4424812 0.09214822
i 1 0.5 0.15527172 100.0 3 0.5106985 0.059074223 0.03438577 0.48976314 0.0093823625
i 1 3.625 0.21631786 100.0 3 0.5290416 0.06070575 0.032020975 0.47444546 0.06613987
i 1 0.75 0.1581712 100.0 4 0.06609517 0.056603003 0.009676786 0.52920103 0.05780442
i 1 1.375 0.16421247 100.0 4 0.08243857 0.0522444 0.010239336 0.38293913 0.06727966
i 1 1.0 0.2198065 100.0 5 0.5678146 0.05155657 0.047624573 0.72605145 0.046744093
i 1 3.0 0.21632591 100.0 5 0.49745363 0.055394232 0.04483054 0.38020775 0.04792592
i 1 0.875 0.22125724 100.0 5 0.30692 0.05069964 0.044772245 0.6529479 0.050639138
i 1 0.5 0.23798114 100.0 5 0.8194383 0.044867408 0.047289904 0.5420242 0.07549525
i 1 3.125 0.20982984 100.0 5 0.7350849 0.053503145 0.04608028 0.49277708 0.045430847
e

[Performance 2]

sr = 44100
ksmps = 32
nchnls = 2
0dbfs = 1.0

instr 1
iatt = p7
idec = p8
islev = p9
irel = p10
kenv xadsr iatt, idec, islev, irel
iamp = p4
ift = p5
kend = nsamp(ift) / sr
ipos = (nsamp(ift) / sr - p3) * p6
asig0, asig1 flooper2 kenv * iamp, 1.0, 0.0, kend, 0.0, ift, ipos
outs asig0, asig1
endin


f 1 0 0 1 "C:/Users/Griffin/Documents/GitHub/composition-tools/GenRhythms/samples/tools/340566__mickyman5000__metallic-smash.wav" 0.0 0 0
f 2 0 0 1 "C:/Users/Griffin/Documents/GitHub/composition-tools/GenRhythms/samples/tools/340498__mickyman5000__steel-drum-bangs.wav" 0.0 0 0
f 3 0 0 1 "C:/Users/Griffin/Documents/GitHub/composition-tools/GenRhythms/samples/tools/340569__mickyman5000__hollow-thuds-many-2.wav" 0.0 0 0
f 4 0 0 1 "C:/Users/Griffin/Documents/GitHub/composition-tools/GenRhythms/samples/tools/340568__mickyman5000__hollow-metallic-thud.wav" 0.0 0 0
f 5 0 0 1 "C:/Users/Griffin/Documents/GitHub/composition-tools/GenRhythms/samples/tools/340554__mickyman5000__metallic-rattle-2.wav" 0.0 0 0
i 1 0.5 0.23874426 100.0 1 0.21137597 0.07578781 0.03580194 0.73122454 0.053935595
i 1 3.125 0.20686245 100.0 1 0.7083949 0.079728164 0.019835407 0.586766 0.046856537
i 1 0.25 0.16781396 100.0 1 0.20550984 0.05966495 0.014663462 0.793267 0.043102823
i 1 2.375 0.232106 100.0 1 0.39658934 0.08853884 0.012937158 0.40538773 0.05271253
i 1 2.625 0.22070366 100.0 1 0.6500706 0.06786188 0.024473926 0.27608013 0.049275868
i 1 1.25 0.19344859 100.0 1 0.68388456 0.077531844 0.0084895585 0.18635304 0.050552636
i 1 1.75 0.22520682 100.0 1 0.48683047 0.07502802 0.021197556 0.7153989 0.05264064
i 1 2.125 0.19810069 100.0 2 0.83509254 0.020834042 0.025564805 0.52296495 0.06648027
i 1 1.0 0.1947635 100.0 2 0.5925628 0.00582828 0.029799653 0.53579456 0.07478927
i 1 0.75 0.2045471 100.0 2 0.5320504 0.022455411 0.01553648 0.6278938 0.078588784
i 1 3.25 0.19491817 100.0 3 0.4845123 0.057742007 0.031502105 0.50336254 0.053188402
i 1 3.0 0.23283476 100.0 3 0.48266426 0.05742 0.031461477 0.4424812 0.09214822
i 1 0.5 0.15527172 100.0 3 0.5106985 0.059074223 0.03438577 0.48976314 0.0093823625
i 1 3.625 0.21631786 100.0 3 0.5290416 0.06070575 0.032020975 0.47444546 0.06613987
i 1 1.375 0.21364555 100.0 3 0.4967028 0.058750838 0.03425299 0.504372 0.06378313
i 1 1.75 0.1594446 100.0 3 0.48640725 0.055761233 0.03456607 0.49264154 0.017793072
i 1 1.125 0.20358217 100.0 3 0.493534 0.055991005 0.034372907 0.45224386 0.061516825
i 1 0.875 0.18605517 100.0 3 0.51306105 0.05654235 0.03360034 0.44800028 0.038200077
i 1 1.875 0.16581428 100.0 4 0.102547005 0.05332029 0.01192343 0.81552064 0.05892136
i 1 3.125 0.188595 100.0 4 0.05007288 0.06833711 0.011594361 0.5108588 0.075830616
i 1 2.125 0.20824376 100.0 4 0.10160997 0.08287339 0.011963119 0.6469319 0.06692575
i 1 0.25 0.18163386 100.0 4 0.06681476 0.06726143 0.009709173 0.7112627 0.059004128
i 1 0.75 0.19360758 100.0 4 0.05785088 0.06493756 0.011718852 0.7591006 0.07941298
i 1 2.25 0.24042147 100.0 5 0.4385623 0.063013546 0.053566545 0.42365485 0.06536258
i 1 2.5 0.25383654 100.0 5 0.47211725 0.06445878 0.05204306 0.42305613 0.068194516
i 1 3.5 0.26536438 100.0 5 0.46657538 0.07330223 0.051913287 0.44778806 0.06512786
i 1 3.25 0.20975079 100.0 5 0.48392624 0.036599245 0.053241067 0.4496053 0.054834437
i 1 0.25 0.22307682 100.0 5 0.41667876 0.04389948 0.058416404 0.44855267 0.03587164
i 1 0.0 0.29800278 100.0 5 0.47272623 0.08141971 0.06900496 0.4186833 0.06411981
i 1 1.375 0.21568507 100.0 5 0.41368756 0.017517343 0.057517726 0.41460842 0.060831867
i 1 1.75 0.25922552 100.0 5 0.46223357 0.037446264 0.06246677 0.40233216 0.08292616
i 1 1.0 0.24882889 100.0 5 0.42826307 0.05289704 0.056216095 0.4044955 0.05169976
e

[Performance 3]

sr = 44100
ksmps = 32
nchnls = 2
0dbfs = 1.0

instr 1
iatt = p7
idec = p8
islev = p9
irel = p10
kenv xadsr iatt, idec, islev, irel
iamp = p4
ift = p5
kend = nsamp(ift) / sr
ipos = (nsamp(ift) / sr - p3) * p6
asig0, asig1 flooper2 kenv * iamp, 1.0, 0.0, kend, 0.0, ift, ipos
outs asig0, asig1
endin


f 1 0 0 1 "C:/Users/Griffin/Documents/GitHub/composition-tools/GenRhythms/samples/tools/340562__mickyman5000__metallic-twanging.wav" 0.0 0 0
f 2 0 0 1 "C:/Users/Griffin/Documents/GitHub/composition-tools/GenRhythms/samples/tools/340574__mickyman5000__metallic-rattle-heavy-2.wav" 0.0 0 0
f 3 0 0 1 "C:/Users/Griffin/Documents/GitHub/composition-tools/GenRhythms/samples/tools/340576__mickyman5000__repeated-metal-rattles.wav" 0.0 0 0
f 4 0 0 1 "C:/Users/Griffin/Documents/GitHub/composition-tools/GenRhythms/samples/tools/340560__mickyman5000__nut-gun-medium-1.wav" 0.0 0 0
f 5 0 0 1 "C:/Users/Griffin/Documents/GitHub/composition-tools/GenRhythms/samples/tools/340536__mickyman5000__metallic-hits-various.wav" 0.0 0 0
i 1 3.625 0.23231842 100.0 1 0.36086395 0.045116927 0.047468737 0.77680665 0.074938565
i 1 3.125 0.2205104 100.0 1 0.33211967 0.048391305 0.06935147 0.7123133 0.077233724
i 1 3.375 0.22079542 100.0 1 0.4903593 0.04711517 0.074041605 0.7010673 0.07605486
i 1 0.0 0.22658785 100.0 1 0.37937126 0.048931725 0.07004824 0.6981561 0.07741243
i 1 3.0 0.18806672 100.0 1 0.6083032 0.04662502 0.012325954 0.74230576 0.076970495
i 1 1.0 0.21727553 100.0 1 0.38011932 0.044661693 0.063282184 0.77647406 0.07616072
i 1 2.0 0.18344173 100.0 1 0.3315171 0.04618378 0.028001908 0.802015 0.077635184
i 1 2.5 0.25800058 100.0 1 0.5155537 0.04391913 0.07461326 0.7160351 0.07588508
i 1 1.75 0.1894513 100.0 2 0.3955645 0.01628958 0.050447926 0.4639513 0.07324583
i 1 3.875 0.18556616 100.0 2 0.22617674 0.008706102 0.04020474 0.4267832 0.07846881
i 1 1.0 0.18508004 100.0 2 0.50001544 0.0084895305 0.051372595 0.5285789 0.07395573
i 1 0.375 0.16909507 100.0 2 0.40454784 0.009395963 0.0367094 0.41336036 0.066435605
i 1 0.5 0.1942574 100.0 2 0.2886745 0.011484671 0.06574434 0.459832 0.06082319
i 1 2.75 0.16687112 100.0 3 0.33584246 0.056146458 0.0046534054 0.71253824 0.052459165
i 1 0.875 0.19761497 100.0 3 0.57752275 0.055318583 0.029295377 0.5819621 0.04176311
i 1 2.125 0.20003518 100.0 3 0.65704095 0.059571534 0.018455949 0.68465376 0.04207505
i 1 3.875 0.19831254 100.0 3 0.3151548 0.058244955 0.02119201 0.61006117 0.04413648
i 1 0.375 0.18871146 100.0 3 0.7127031 0.05917982 0.027896821 0.56845707 0.049939603
i 1 2.875 0.19267069 100.0 4 0.07965718 0.06800292 0.024063341 0.52156985 0.03695168
i 1 1.375 0.22628817 100.0 4 0.114451274 0.0694426 0.024269465 0.2783913 0.046404347
i 1 0.625 0.20321018 100.0 4 0.08972591 0.060412377 0.024392674 0.45569724 0.034500897
i 1 1.0 0.2236218 100.0 5 0.5678146 0.05381641 0.047624573 0.5529695 0.046744093
i 1 3.0 0.24087718 100.0 5 0.19551028 0.055394232 0.046308327 0.7099195 0.07099941
i 1 2.125 0.2061699 100.0 5 0.67647964 0.040680673 0.044772245 0.5185373 0.050639138
i 1 0.5 0.23909473 100.0 5 0.45336485 0.044867408 0.047289904 0.40596074 0.07346824
i 1 0.375 0.20849475 100.0 5 0.24080953 0.053503145 0.044745203 0.58784753 0.045430847
i 1 0.0 0.21920286 100.0 5 0.28122586 0.051742632 0.04547606 0.37607968 0.05185278
e

=======
>>>>>>> parent of f0e6710... RhythmEditor liked to GenRhythm
